9.968336177933903031e-01 -7.648899147596377457e-02 -2.172953335741329567e-02 7.690000000000000438e-04
-2.297611937811862640e-02 -5.386891633760509945e-01 8.421912390897524636e-01 7.879999999999997467e-04
-7.612382265272440995e-02 -8.390252793832854161e-01 -5.387408877935072615e-01 -4.320000000000000055e-03
0.000000000000000000e+00 0.000000000000000000e+00 0.000000000000000000e+00 1.000000000000000000e+00
