9.956466057661710334e-01 -8.386840862995942336e-02 -4.066849468791448874e-02 4.350000000000000026e-04
-1.019494733116278924e-02 -5.316882724270688421e-01 8.468787658292264986e-01 1.397999999999999720e-03
-9.264933607542796823e-02 -8.427773555319324483e-01 -5.302286577764212527e-01 -3.374999999999999962e-03
0.000000000000000000e+00 0.000000000000000000e+00 0.000000000000000000e+00 1.000000000000000000e+00
