9.967756567532585210e-01 -7.881315229359982244e-02 -1.505912114487203274e-02 -2.790000000000000054e-04
-3.035165602479239846e-02 -5.440796264192162557e-01 8.384844286521240253e-01 1.071999999999999819e-03
-7.427696197787557464e-02 -8.353237977820767712e-01 -5.447174366387268485e-01 -4.612999999999999913e-03
0.000000000000000000e+00 0.000000000000000000e+00 0.000000000000000000e+00 1.000000000000000000e+00
