9.963819206912972737e-01 -7.867476073499386768e-02 -3.214576399485433861e-02 9.250000000000000409e-04
-1.509336674076275191e-02 -5.360280599162641213e-01 8.440652280853860878e-01 1.051999999999999767e-03
-8.363766137303364767e-02 -8.405261453433184871e-01 -5.352761349008119396e-01 -4.152999999999999574e-03
0.000000000000000000e+00 0.000000000000000000e+00 0.000000000000000000e+00 1.000000000000000000e+00
