9.967437308830323639e-01 -7.831470272712430514e-02 -1.920266341253851899e-02 -1.050000000000000044e-04
-2.635613138630789679e-02 -5.414851744334580053e-01 8.402970666419794510e-01 1.049999999999999718e-03
-7.620557252406658100e-02 -8.370547253349267525e-01 -5.417860255772103395e-01 -4.210000000000000200e-03
0.000000000000000000e+00 0.000000000000000000e+00 0.000000000000000000e+00 1.000000000000000000e+00
