9.957659256837398942e-01 -8.246247487068121551e-02 -4.062217972249613368e-02 6.099999999999999737e-04
-9.870822436408480116e-03 -5.352679761985198459e-01 8.446246269916416471e-01 7.909999999999998196e-04
-9.139358900728979107e-02 -8.406474492285949118e-01 -5.338155842552964048e-01 -3.689000000000000005e-03
0.000000000000000000e+00 0.000000000000000000e+00 0.000000000000000000e+00 1.000000000000000000e+00
