9.967741646700740699e-01 -7.688175344337830341e-02 -2.303173101935103440e-02 8.059999999999999673e-04
-2.186521152923350322e-02 -5.362550081529238177e-01 8.437727648814516979e-01 1.030999999999999799e-03
-7.722161077741140911e-02 -8.405472992154452427e-01 -5.362061736035521609e-01 -4.129999999999999991e-03
0.000000000000000000e+00 0.000000000000000000e+00 0.000000000000000000e+00 1.000000000000000000e+00
