9.966562716056679427e-01 -7.723505712233522114e-02 -2.666499991371770739e-02 9.479999999999999495e-04
-1.895184118097446510e-02 -5.359562498622461035e-01 8.440330123576025301e-01 1.205999999999999824e-03
-7.948021127890936288e-02 -8.407054443649732978e-01 -5.356279042676479474e-01 -4.124000000000000062e-03
0.000000000000000000e+00 0.000000000000000000e+00 0.000000000000000000e+00 1.000000000000000000e+00
