9.955641249213812438e-01 -8.421470697310429188e-02 -4.195183308222122376e-02 2.120000000000000031e-04
-9.108431942953807217e-03 -5.300655266518811137e-01 8.479077626268110013e-01 2.138000000000000143e-03
-9.364352426657676642e-02 -8.437644342970958000e-01 -5.284812861192315081e-01 -2.736999999999999850e-03
0.000000000000000000e+00 0.000000000000000000e+00 0.000000000000000000e+00 1.000000000000000000e+00
