9.957290824784643668e-01 -8.401183184531521575e-02 -3.828323936907621072e-02 1.140000000000000063e-04
-1.230573081422672334e-02 -5.317369291560829492e-01 8.468201740397937050e-01 2.226999999999999813e-03
-9.149952620491155764e-02 -8.427323716825249056e-01 -5.304997515764011684e-01 -3.187000000000000163e-03
0.000000000000000000e+00 0.000000000000000000e+00 0.000000000000000000e+00 1.000000000000000000e+00
