9.968115047612827739e-01 -7.937866753005093368e-02 -8.114870097594501647e-03 -3.049999999999999868e-04
-3.662979988091883549e-02 -5.455780070756056643e-01 8.372591569855143412e-01 1.146999999999999799e-03
-7.088781091436691106e-02 -8.342923140821590922e-01 -5.467460589041360786e-01 -5.310999999999999749e-03
0.000000000000000000e+00 0.000000000000000000e+00 0.000000000000000000e+00 1.000000000000000000e+00
